##  x       y           z         px  py  pz  E0_eV   m_eff  ##
6.84e-7     0           2e-7   1   0   0   9.0     1e-32
6.84e-7     0           2e-7   0   1   0   9.0     1e-32
6.84e-7     0           2e-7   0   0   1   9.0     1e-32
3.42e-7     5.92e-7     2e-7   1   0   0   9.0     2e-32
3.42e-7     5.92e-7     2e-7   0   1   0   9.0     2e-32
3.42e-7     5.92e-7     2e-7   0   0   1   9.0     2e-32
-3.42e-7    5.92e-7     2e-7   1   0   0   9.0     2e-32
-3.42e-7    5.92e-7     2e-7   0   1   0   9.0     2e-32
-3.42e-7    5.92e-7     2e-7   0   0   1   9.0     2e-32
-6.84e-7    0           2e-7   1   0   0   9.0     2e-32
-6.84e-7    0           2e-7   0   1   0   9.0     2e-32
-6.84e-7    0           2e-7   0   0   1   9.0     2e-32
-3.42e-7    -5.92e-7    2e-7   1   0   0   9.0     2e-32
-3.42e-7    -5.92e-7    2e-7   0   1   0   9.0     2e-32
-3.42e-7    -5.92e-7    2e-7   0   0   1   9.0     2e-32
3.42e-7     -5.92e-7    2e-7   1   0   0   9.0     2e-32
3.42e-7     -5.92e-7    2e-7   0   1   0   9.0     2e-32
3.42e-7     -5.92e-7    2e-7   0   0   1   9.0     2e-32
0           0           2e-7   1   0   0   9.0     2e-32
0           0           2e-7   0   1   0   9.0     2e-32
0           0           2e-7   0   0   1   9.0     2e-32
6.84e-7     0           -2e-7   1   0   0   9.0     1e-32
6.84e-7     0           -2e-7   0   1   0   9.0     1e-32
6.84e-7     0           -2e-7   0   0   1   9.0     1e-32
3.42e-7     5.92e-7     -2e-7   1   0   0   9.0     2e-32
3.42e-7     5.92e-7     -2e-7   0   1   0   9.0     2e-32
3.42e-7     5.92e-7     -2e-7   0   0   1   9.0     2e-32
-3.42e-7    5.92e-7     -2e-7   1   0   0   9.0     2e-32
-3.42e-7    5.92e-7     -2e-7   0   1   0   9.0     2e-32
-3.42e-7    5.92e-7     -2e-7   0   0   1   9.0     2e-32
-6.84e-7    0           -2e-7   1   0   0   9.0     2e-32
-6.84e-7    0           -2e-7   0   1   0   9.0     2e-32
-6.84e-7    0           -2e-7   0   0   1   9.0     2e-32
-3.42e-7    -5.92e-7    -2e-7   1   0   0   9.0     2e-32
-3.42e-7    -5.92e-7    -2e-7   0   1   0   9.0     2e-32
-3.42e-7    -5.92e-7    -2e-7   0   0   1   9.0     2e-32
3.42e-7     -5.92e-7    -2e-7   1   0   0   9.0     2e-32
3.42e-7     -5.92e-7    -2e-7   0   1   0   9.0     2e-32
3.42e-7     -5.92e-7    -2e-7   0   0   1   9.0     2e-32
0           0           -2e-7   1   0   0   9.0     2e-32
0           0           -2e-7   0   1   0   9.0     2e-32
0           0           -2e-7   0   0   1   9.0     2e-32
